42 31 0.00 6.66
0.00 0.00 0.00 0.00 0.00 0.00 0.00 0.00 0.00 0.00 0.00 0.00 0.00 0.00 0.00 0.00 0.00 0.00 0.00 0.00 0.00 0.00 0.00 0.00 0.00 0.00 0.00 0.00 0.00 0.00 0.00 
0.00 0.00 0.00 0.00 0.00 0.00 0.00 0.00 0.00 0.00 0.00 0.00 0.00 0.00 0.00 1.00 0.00 0.00 0.00 0.00 0.00 0.00 0.00 0.00 0.00 0.00 0.00 0.00 0.00 0.00 0.00 
0.00 0.00 0.00 0.00 0.00 0.00 0.00 1.00 0.00 0.00 0.00 0.00 0.00 0.00 1.00 1.41 1.00 0.00 0.00 0.00 0.00 0.00 0.00 0.00 0.00 0.00 1.00 0.00 0.00 0.00 0.00 
0.00 0.00 1.00 0.00 0.00 0.00 0.00 0.00 1.00 0.00 0.00 0.00 0.00 1.00 1.41 2.41 1.41 1.00 0.00 0.00 0.00 0.00 0.00 0.00 0.00 0.00 1.00 0.00 0.00 0.00 0.00 
0.00 0.00 0.00 1.00 0.00 0.00 0.00 1.00 0.00 0.00 0.00 0.00 1.00 1.41 2.41 2.83 2.41 1.41 1.00 0.00 0.00 0.00 0.00 0.00 0.00 0.00 1.00 0.00 0.00 0.00 0.00 
0.00 0.00 0.00 0.00 1.00 0.00 0.00 1.00 0.00 0.00 0.00 1.00 1.41 2.41 2.83 3.83 2.83 2.41 1.41 1.00 0.00 0.00 0.00 0.00 0.00 1.00 0.00 0.00 0.00 0.00 0.00 
0.00 0.00 0.00 0.00 0.00 1.00 0.00 1.00 0.00 0.00 1.00 1.41 2.41 2.83 3.83 4.24 3.83 2.83 2.41 1.41 1.00 0.00 0.00 0.00 0.00 0.00 1.00 0.00 0.00 0.00 0.00 
0.00 0.00 0.00 0.00 1.00 0.00 0.00 1.00 0.00 1.00 1.41 2.41 2.83 3.83 4.24 5.24 4.24 3.83 2.83 2.41 1.41 1.00 0.00 0.00 0.00 0.00 0.00 1.00 0.00 0.00 0.00 
0.00 0.00 0.00 0.00 0.00 1.00 0.00 1.00 0.00 1.00 2.00 2.83 3.83 4.24 5.24 5.66 5.24 4.24 3.83 2.83 2.00 1.00 0.00 0.00 0.00 0.00 1.00 0.00 0.00 0.00 0.00 
0.00 0.00 0.00 0.00 1.00 0.00 0.00 1.00 0.00 1.00 2.00 3.00 4.00 5.00 5.66 6.66 5.66 5.00 4.00 3.00 2.00 1.00 0.00 0.00 0.00 0.00 0.00 1.00 0.00 0.00 0.00 
0.00 0.00 0.00 0.00 1.00 0.00 1.00 1.00 0.00 1.00 2.00 3.00 4.00 5.00 6.00 6.66 6.00 5.00 4.00 3.00 2.00 1.00 0.00 0.00 0.00 0.00 0.00 0.00 1.00 0.00 0.00 
0.00 0.00 1.00 1.00 1.00 0.00 1.00 0.00 0.00 1.00 2.00 3.00 4.00 4.83 5.24 5.66 5.24 4.83 4.24 3.41 2.41 1.41 1.00 1.00 1.00 1.00 1.00 1.00 0.00 0.00 0.00 
0.00 0.00 1.00 0.00 0.00 0.00 1.00 0.00 1.00 1.41 2.41 2.83 3.41 3.83 4.24 5.24 4.24 3.83 3.41 2.83 2.00 1.00 0.00 0.00 0.00 0.00 0.00 0.00 0.00 0.00 0.00 
0.00 0.00 1.00 0.00 1.00 1.00 1.00 0.00 0.00 1.00 1.41 2.00 2.41 2.83 3.83 4.24 3.83 2.83 2.41 2.00 1.41 1.00 0.00 0.00 0.00 0.00 0.00 0.00 0.00 0.00 0.00 
0.00 0.00 1.00 0.00 0.00 0.00 0.00 0.00 0.00 0.00 1.00 1.00 1.41 2.41 2.83 3.83 2.83 2.41 1.41 1.00 1.00 0.00 1.00 0.00 0.00 0.00 0.00 0.00 0.00 0.00 0.00 
0.00 0.00 0.00 1.00 0.00 0.00 0.00 0.00 0.00 1.00 0.00 0.00 1.00 1.41 2.41 2.83 2.41 1.41 1.00 0.00 0.00 0.00 0.00 1.00 0.00 0.00 0.00 0.00 0.00 0.00 0.00 
0.00 0.00 0.00 0.00 1.00 0.00 0.00 0.00 1.00 0.00 0.00 0.00 0.00 1.00 1.41 2.41 1.41 1.00 0.00 0.00 0.00 0.00 0.00 0.00 1.00 0.00 0.00 0.00 0.00 0.00 0.00 
0.00 0.00 0.00 0.00 1.00 0.00 0.00 1.00 0.00 0.00 0.00 0.00 0.00 0.00 1.00 1.41 1.00 0.00 0.00 0.00 0.00 0.00 0.00 0.00 0.00 1.00 0.00 0.00 0.00 0.00 0.00 
0.00 0.00 0.00 0.00 1.00 1.00 0.00 1.00 0.00 0.00 0.00 0.00 0.00 0.00 0.00 1.00 0.00 0.00 0.00 0.00 0.00 0.00 0.00 0.00 0.00 0.00 0.00 0.00 0.00 0.00 0.00 
0.00 0.00 0.00 0.00 1.00 0.00 0.00 1.00 0.00 0.00 0.00 0.00 0.00 0.00 0.00 0.00 0.00 0.00 0.00 0.00 0.00 0.00 0.00 0.00 0.00 0.00 0.00 0.00 0.00 0.00 0.00 
0.00 0.00 0.00 0.00 1.00 0.00 0.00 0.00 0.00 0.00 0.00 0.00 0.00 0.00 0.00 1.00 0.00 0.00 0.00 0.00 0.00 0.00 0.00 0.00 0.00 0.00 0.00 0.00 0.00 0.00 0.00 
0.00 0.00 0.00 0.00 0.00 1.00 0.00 0.00 0.00 0.00 0.00 0.00 0.00 0.00 0.00 1.00 0.00 0.00 0.00 0.00 0.00 0.00 0.00 0.00 0.00 0.00 0.00 0.00 0.00 0.00 0.00 
0.00 0.00 0.00 0.00 0.00 0.00 0.00 0.00 0.00 0.00 0.00 0.00 0.00 0.00 1.00 1.41 1.00 0.00 0.00 0.00 0.00 0.00 0.00 0.00 0.00 1.00 0.00 0.00 0.00 0.00 0.00 
0.00 0.00 0.00 0.00 1.00 0.00 0.00 1.00 0.00 0.00 0.00 0.00 0.00 0.00 1.00 2.00 1.00 0.00 0.00 0.00 0.00 0.00 0.00 0.00 1.00 0.00 0.00 0.00 0.00 0.00 0.00 
0.00 0.00 0.00 0.00 0.00 1.00 1.00 0.00 0.00 0.00 0.00 0.00 0.00 1.00 1.41 2.41 1.41 1.00 0.00 0.00 0.00 0.00 0.00 1.00 0.00 0.00 0.00 0.00 0.00 0.00 0.00 
0.00 0.00 0.00 0.00 0.00 0.00 1.00 0.00 0.00 0.00 0.00 0.00 1.00 1.41 2.41 2.83 2.41 1.41 1.00 0.00 0.00 0.00 1.00 0.00 0.00 0.00 0.00 0.00 0.00 0.00 0.00 
0.00 0.00 0.00 0.00 0.00 1.00 0.00 1.00 0.00 0.00 0.00 1.00 1.41 2.41 2.83 3.83 2.83 2.41 1.41 1.00 0.00 1.00 0.00 0.00 0.00 0.00 0.00 0.00 0.00 0.00 0.00 
0.00 0.00 0.00 0.00 1.00 0.00 0.00 0.00 1.00 0.00 1.00 1.41 2.41 2.83 3.83 4.24 3.83 2.83 2.41 1.41 1.00 0.00 0.00 0.00 0.00 0.00 0.00 0.00 0.00 0.00 0.00 
0.00 0.00 0.00 0.00 0.00 0.00 0.00 0.00 0.00 1.00 1.41 2.41 2.83 3.83 4.24 5.24 4.24 3.83 2.83 2.41 1.41 1.00 0.00 0.00 0.00 0.00 0.00 0.00 0.00 0.00 0.00 
0.00 0.00 0.00 0.00 0.00 0.00 0.00 0.00 0.00 1.00 2.00 2.83 3.83 4.24 5.24 5.66 5.24 4.24 3.83 2.83 2.00 1.00 0.00 0.00 0.00 0.00 0.00 0.00 0.00 0.00 0.00 
0.00 0.00 0.00 0.00 0.00 0.00 0.00 0.00 0.00 1.00 2.00 3.00 4.00 5.00 5.66 6.66 5.66 5.00 4.00 3.00 2.00 1.00 0.00 0.00 0.00 0.00 0.00 0.00 0.00 0.00 0.00 
0.00 0.00 0.00 1.00 0.00 0.00 0.00 0.00 0.00 1.00 2.00 3.00 4.00 5.00 6.00 6.66 6.00 5.00 4.00 3.00 2.00 1.00 0.00 0.00 0.00 0.00 0.00 0.00 0.00 0.00 0.00 
0.00 0.00 0.00 0.00 1.00 0.00 0.00 0.00 0.00 1.00 2.00 3.00 4.00 4.83 5.24 5.66 5.24 4.83 4.00 3.00 2.00 1.00 0.00 0.00 0.00 0.00 0.00 0.00 0.00 0.00 0.00 
0.00 0.00 0.00 0.00 1.00 0.00 0.00 0.00 0.00 1.00 2.00 2.83 3.41 3.83 4.24 5.24 4.24 3.83 3.41 2.83 2.00 1.00 0.00 0.00 0.00 0.00 0.00 0.00 0.00 0.00 0.00 
0.00 0.00 0.00 0.00 0.00 1.00 0.00 0.00 0.00 1.00 1.41 2.00 2.41 2.83 3.83 4.24 3.83 2.83 2.41 2.00 1.41 1.00 0.00 0.00 0.00 0.00 0.00 0.00 0.00 0.00 0.00 
0.00 0.00 0.00 1.00 0.00 0.00 0.00 0.00 1.00 0.00 1.00 1.00 1.41 2.41 2.83 3.83 2.83 2.41 1.41 1.00 1.00 0.00 0.00 0.00 0.00 0.00 0.00 0.00 0.00 0.00 0.00 
0.00 0.00 0.00 0.00 1.00 0.00 0.00 1.00 0.00 0.00 0.00 0.00 1.00 1.41 2.41 2.83 2.41 1.41 1.00 0.00 0.00 0.00 0.00 0.00 0.00 0.00 0.00 0.00 0.00 0.00 0.00 
0.00 0.00 1.00 0.00 0.00 1.00 1.00 0.00 0.00 0.00 0.00 0.00 0.00 1.00 1.41 2.41 1.41 1.00 0.00 0.00 0.00 0.00 0.00 0.00 0.00 0.00 0.00 0.00 0.00 0.00 0.00 
0.00 0.00 0.00 1.00 0.00 1.00 0.00 0.00 0.00 0.00 0.00 0.00 0.00 0.00 1.00 2.00 1.00 0.00 0.00 0.00 0.00 0.00 0.00 0.00 0.00 0.00 0.00 0.00 0.00 0.00 0.00 
0.00 0.00 0.00 0.00 1.00 0.00 0.00 0.00 0.00 0.00 0.00 0.00 0.00 0.00 1.00 1.41 1.00 0.00 0.00 0.00 0.00 0.00 0.00 0.00 0.00 0.00 0.00 0.00 0.00 0.00 0.00 
0.00 0.00 0.00 0.00 0.00 0.00 0.00 0.00 0.00 0.00 0.00 0.00 0.00 0.00 0.00 1.00 0.00 0.00 0.00 0.00 0.00 0.00 0.00 0.00 0.00 0.00 0.00 0.00 0.00 0.00 0.00 
0.00 0.00 0.00 0.00 0.00 0.00 0.00 0.00 0.00 0.00 0.00 0.00 0.00 0.00 0.00 0.00 0.00 0.00 0.00 0.00 0.00 0.00 0.00 0.00 0.00 0.00 0.00 0.00 0.00 0.00 0.00 
