Pass1: 
                                                                                            
                                                                                            
                                                                                            
                                                                                            
                                                                                            
                                                                                            
                                                                                            
                                                                                            
                                              1 1                                           
                                            2 1 1 1                                         
                                        3 3     1 1 1                                       
                                        3         1 1                                       
                                      4 3 3     5 1 1 1                                     
                                  6 6 4 3 3 3 3 3 1 1 1 1                                   
                                7 6 6 4 3 3 3 3 3 1 1 1 1 1                                 
                                7 6 6 4 3 3 3 3 3 1 1 1 1 1 1                               
                              8 7 6 6 4 3 3 3 3 3 1 1 1 1 1 1                               
                            9 8 7 6 6 4 3 3 3 3 3 1 1 1 1 1 1 1 1                           
                          10 9 8 7 6 6 4 3 3 3 3 3 1 1 1 1 1   1 1 1                         
                        11 10 9 8 7 6 6 4 3 3 3 3 3 1 1 1 1 1 1 1 1 1 1                       
                      12 11 10 9 8 7 6 6 4 3 3 3 3 3 1 1 1 1   1 1 1 1 1 1                     
                    13 12 11 10 9 8 7 6 6 4 3 3 3 3 3 1 1 1 1       1 1 1 1                     
                  14 13 12 11 10 9 8 7 6 6 4 3 3 3 3 3 1 1 1         1 1 1 1 1 1                 
              15 15 14 13 12 11 10 9 8 7 6 6 4 3 3 3 3 3 1 1 1       16 1 1 1 1 1 1 1               
              15 15 14 13 12 11 10 9 8 7 6 6 4 3 3 3 3 3 1 1 1     17 16 1 1 1 1 1 1 1 1             
                15 14 13 12 11 10 9 8 7 6 6 4 3 3 3 3 3 1 1 1     17 16 1 1 1 1 1 1 1               
                  14 13 12 11 10 9 8 7 6 6 4 3 3 3 3 3 1 1 1 1     16 1 1 1 1 1 1                 
                    13 12 11 10 9 8 7 6     3 3 3 3 3 1 1 1 1       1 1 1 1 1                   
                      12 11 10 9 8 7 6 6   3 3 3 3 3 1 1 1 1 1       1 1 1                     
                      12 11 10 9 8 7 6 6 6 3 3 3 3 3 1 1 1 1 1         1                       
                        11 10 9 8 7 6 6 6 3 3 3 3 3 1 1 1 1 1                                 
                          10 9 8 7 6 6 6 3 3 3 3 3 1 1 1 1 1                                 
                            9 8 7 6 6 6 3 3 3 3 3 1 1 1 1 1 1                               
                              8 7 6 6 6 3 3 3 3 3 1 1 1 1 1                                 
                                  6 6 6                                                     
                                    6                                                       
                                    6 6 6         18 18                                       
                                      6 6 6 6   19 18 18 18                                     
                                        6 6 6 6 6 6 6                                       
                                          6 6 6 6 6                                         
                                            6 6 6                                           
                                              6                                             
                                                                                            
                                                                                            
                                                                                            
                                                                                            

EQ array of Pass1: 
0 1 1 1 3 3 3 6 7 8 9 10 11 12 13 14 1 16 6 6 

Pass2: 
                                                                                            
                                                                                            
                                                                                            
                                                                                            
                                                                                            
                                                                                            
                                                                                            
                                                                                            
                                              1 1                                           
                                            1 1 1 1                                         
                                        1 3     1 1 1                                       
                                        1         1 1                                       
                                      1 1 1     1 1 1 1                                     
                                  1 1 1 1 1 1 1 1 1 1 1 1                                   
                                1 1 1 1 1 1 1 1 1 1 1 1 1 1                                 
                                1 1 1 1 1 1 1 1 1 1 1 1 1 1 1                               
                              1 1 1 1 1 1 1 1 1 1 1 1 1 1 1 1                               
                            1 1 1 1 1 1 1 1 1 1 1 1 1 1 1 1 1 1 1                           
                          1 1 1 1 1 1 1 1 1 1 1 1 1 1 1 1 1   1 1 1                         
                        1 1 1 1 1 1 1 1 1 1 1 1 1 1 1 1 1 1 1 1 1 1 1                       
                      1 1 1 1 1 1 1 1 1 1 1 1 1 1 1 1 1 1   1 1 1 1 1 1                     
                    1 1 1 1 1 1 1 1 1 1 1 1 1 1 1 1 1 1 1       1 1 1 1                     
                  1 1 1 1 1 1 1 1 1 1 1 1 1 1 1 1 1 1 1         1 1 1 1 1 1                 
              1 1 1 1 1 1 1 1 1 1 1 1 1 1 1 1 1 1 1 1 1       1 1 1 1 1 1 1 1               
              1 1 1 1 1 1 1 1 1 1 1 1 1 1 1 1 1 1 1 1 1     1 1 1 1 1 1 1 1 1 1             
                1 1 1 1 1 1 1 1 1 1 1 1 1 1 1 1 1 1 1 1     1 1 1 1 1 1 1 1 1               
                  1 1 1 1 1 1 1 1 1 1 1 1 1 1 1 1 1 1 1 1     1 1 1 1 1 1 1                 
                    1 1 1 1 1 1 1 1     1 1 1 1 1 1 1 1 1       1 1 1 1 1                   
                      1 1 1 1 1 1 1 1   1 1 1 1 1 1 1 1 1 1       1 1 1                     
                      1 1 1 1 1 1 1 1 1 1 1 1 1 1 1 1 1 1 1         1                       
                        1 1 1 1 1 1 1 1 1 1 1 1 1 1 1 1 1 1                                 
                          1 1 1 1 1 1 1 1 1 1 1 1 1 1 1 1 1                                 
                            1 1 1 1 1 1 1 1 1 1 1 1 1 1 1 1 1                               
                              1 1 1 1 1 1 1 1 1 1 1 1 1 1 1                                 
                                  6 6 6                                                     
                                    6                                                       
                                    6 6 6         6 6                                       
                                      6 6 6 6   6 6 6 18                                     
                                        6 6 6 6 6 6 6                                       
                                          6 6 6 6 6                                         
                                            6 6 6                                           
                                              6                                             
                                                                                            
                                                                                            
                                                                                            
                                                                                            

EQ array of Pass2: 
0 1 1 1 1 1 1 1 1 1 1 1 1 1 1 1 1 1 6 6 

After manage the EQAry: 
0 1 1 1 1 1 1 1 1 1 1 1 1 1 1 1 1 1 1 1 

Pass3: 
                                                                                            
                                                                                            
                                                                                            
                                                                                            
                                                                                            
                                                                                            
                                                                                            
                                                                                            
                                              1 1                                           
                                            1 1 1 1                                         
                                        1 1     1 1 1                                       
                                        1         1 1                                       
                                      1 1 1     1 1 1 1                                     
                                  1 1 1 1 1 1 1 1 1 1 1 1                                   
                                1 1 1 1 1 1 1 1 1 1 1 1 1 1                                 
                                1 1 1 1 1 1 1 1 1 1 1 1 1 1 1                               
                              1 1 1 1 1 1 1 1 1 1 1 1 1 1 1 1                               
                            1 1 1 1 1 1 1 1 1 1 1 1 1 1 1 1 1 1 1                           
                          1 1 1 1 1 1 1 1 1 1 1 1 1 1 1 1 1   1 1 1                         
                        1 1 1 1 1 1 1 1 1 1 1 1 1 1 1 1 1 1 1 1 1 1 1                       
                      1 1 1 1 1 1 1 1 1 1 1 1 1 1 1 1 1 1   1 1 1 1 1 1                     
                    1 1 1 1 1 1 1 1 1 1 1 1 1 1 1 1 1 1 1       1 1 1 1                     
                  1 1 1 1 1 1 1 1 1 1 1 1 1 1 1 1 1 1 1         1 1 1 1 1 1                 
              1 1 1 1 1 1 1 1 1 1 1 1 1 1 1 1 1 1 1 1 1       1 1 1 1 1 1 1 1               
              1 1 1 1 1 1 1 1 1 1 1 1 1 1 1 1 1 1 1 1 1     1 1 1 1 1 1 1 1 1 1             
                1 1 1 1 1 1 1 1 1 1 1 1 1 1 1 1 1 1 1 1     1 1 1 1 1 1 1 1 1               
                  1 1 1 1 1 1 1 1 1 1 1 1 1 1 1 1 1 1 1 1     1 1 1 1 1 1 1                 
                    1 1 1 1 1 1 1 1     1 1 1 1 1 1 1 1 1       1 1 1 1 1                   
                      1 1 1 1 1 1 1 1   1 1 1 1 1 1 1 1 1 1       1 1 1                     
                      1 1 1 1 1 1 1 1 1 1 1 1 1 1 1 1 1 1 1         1                       
                        1 1 1 1 1 1 1 1 1 1 1 1 1 1 1 1 1 1                                 
                          1 1 1 1 1 1 1 1 1 1 1 1 1 1 1 1 1                                 
                            1 1 1 1 1 1 1 1 1 1 1 1 1 1 1 1 1                               
                              1 1 1 1 1 1 1 1 1 1 1 1 1 1 1                                 
                                  1 1 1                                                     
                                    1                                                       
                                    1 1 1         1 1                                       
                                      1 1 1 1   1 1 1 1                                     
                                        1 1 1 1 1 1 1                                       
                                          1 1 1 1 1                                         
                                            1 1 1                                           
                                              1                                             
                                                                                            
                                                                                            
                                                                                            
                                                                                            


EQ array of Pass3: 
0 1 1 1 1 1 1 1 1 1 1 1 1 1 1 1 1 1 1 1 

